0 19
60 39
120 47
180 47
240 31
300 35
360 47
420 42
480 44
540 51
600 59
660 59
720 63
780 73
840 72
900 82
960 80
1020 85
1080 92
1140 100
1200 97
1260 102
1320 108
1380 125
1440 311
1500 129
1560 142
1620 340
1680 144
1740 142
1800 380
1860 152
1920 174
1980 371
2040 174
2100 169
2160 192
2220 187
2280 431
2340 193
2400 189
2460 200
2520 445
2580 201
2640 197
2700 207
2760 204
2820 470
2880 210
2940 221
3000 519
3060 251
3120 239
3180 224
3240 235
3300 240
3360 231
3420 239
3480 246
3540 240
3600 234
3660 260
3720 241
3780 249
3840 568
3900 249
3960 254
4020 267
4080 278
4140 267
4200 267
4260 274
4320 284
4380 280
4440 272
4500 287
4560 285
4620 621
4680 283
4740 288
4800 639
4860 268
4920 293
4980 300
5040 291
5100 290
5160 307
5220 306
5280 310
5340 304
5400 303
5460 341
5520 320
5580 303
5640 311
5700 330
5760 309
5820 656
5880 328
5940 316
6000 748
6060 336
6120 324
6180 333
6240 653
6300 319
6360 329
6420 784
6480 345
6540 319
6600 346
6660 344
6720 326
6780 728
6840 325
6900 368
6960 363
7020 345
7080 735
7140 343
7200 348
7260 346
7320 344
7380 347
7440 348
7500 358
7560 375
7620 367
7680 357
7740 818
7800 352
7860 370
7920 411
7980 381
8040 353
8100 360
8160 400
8220 350
8280 366
8340 370
8400 364
8460 384
8520 385
8580 361
8640 834
8700 379
8760 379
8820 360
8880 366
8940 816
9000 389
9060 383
9120 381
9180 380
9240 371
9300 852
9360 383
9420 391
9480 389
9540 391
9600 371
9660 375
9720 392
9780 416
9840 838
9900 397
9960 406
10020 408
10080 395
10140 386
10200 903
10260 405
10320 369
10380 411
10440 381
10500 847
10560 380
10620 391
10680 414
10740 412
10800 390
10860 669
