0 24
60 88,8
120 229,2
180 123,6
240 111,6
300 192
360 188,4
420 274,8
480 302,4
540 333,6
600 813,6
660 391,2
720 423,6
780 457,2
840 537,6
900 553,2
960 640,8
1020 690
1080 747,6
1140 813,6
1200 780
1260 1442,4
1320 943,2
1380 925,2
1440 1820,4
1500 1040,4
1560 1046,4
1620 1140
1680 1239,6
1740 1162,8
1800 1282,8
1860 1407,6
1920 1376,4
1980 1550,4
2040 1344
2100 2691,6
2160 1458
2220 1642,8
2280 1650
2340 1504,8
2400 1725,6
2460 1746
2520 1774,8
2580 1875,6
2640 1904,4
2700 1892,4
2760 1941,6
2820 2049,6
2880 1971,6
2940 1994,4
3000 2073,6
3060 2173,2
3120 2162,4
3180 1899,6
3240 2066,4
3300 3248,4
3360 3306
3420 2038,8
3480 3645,6
3540 3811,2
3600 2149,2
3660 2266,8
3720 2446,8
3780 2433,6
3840 3840
3900 3787,2
3960 3790,8
4020 3944,4
4080 2433,6
4140 2775,6
4200 2756,4
4260 4230
4320 3733,2
4380 4178,4
4440 2770,8
4500 4800
4560 2548,8
4620 4434
4680 2562
4740 2985,6
4800 2709,6
4860 4339,2
4920 4431,6
4980 2551,2
5040 2946
5100 2900,4
5160 2648,4
5220 2746,8
5280 2739,6
5340 2685,6
5400 2745,6
5460 3056,4
5520 2788,8
5580 2792,4
5640 4726,8
5700 3258
5760 2956,8
5820 2799,6
5880 2877,6
5940 5091,6
6000 2845,2
6060 5083,2
6120 3211,2
6180 5355,6
6240 3254,4
6300 3054
6360 2901,6
6420 3273,6
6480 3126
6540 3074,4
6600 3240
6660 5386,8
6720 3478,8
6780 3102
6840 5509,2
6900 3016,8
6960 3418,8
7020 3127,2
7080 3268,8
7140 3162
7200 5671,2
7260 3158,4
7320 3391,2
7380 5594,4
7440 3454,8
7500 3231,6
7560 3379,2
7620 3241,2
7680 3444
7740 3255,6
7800 3596,4
7860 3279,6
7920 3432
7980 3276
8040 3490,8
8100 3216
8160 3576
8220 3277,2
8280 3628,8
8340 3294
8400 3601,2
8460 3514,8
8520 3553,2
8580 6103,2
8640 3595,2
8700 3385,2
8760 3663,6
8820 6186
8880 3550,8
8940 3664,8
9000 3980,4
9060 3577,2
9120 3429,6
9180 3835,2
9240 3465,6
9300 3750
9360 6177,6
9420 3780
9480 3604,8
9540 3760,8
9600 3644,4
9660 3584,4
9720 3426
9780 3415,2
9840 3698,4
9900 3722,4
9960 3870
10020 3463,2
10080 3558
10140 3756
10200 3644,4
10260 6553,2
10320 3753,6
10380 3634,8
10440 3902,4
10500 3865,2
10560 8468,4
10620 3867,6
10680 3739,2
10740 3518,4
10800 3760,8
10860 6586,8
