0 20
60 74
120 191
180 103
240 93
300 160
360 157
420 229
480 252
540 278
600 678
660 326
720 353
780 381
840 448
900 461
960 534
1020 575
1080 623
1140 678
1200 650
1260 1202
1320 786
1380 771
1440 1517
1500 867
1560 872
1620 950
1680 1033
1740 969
1800 1069
1860 1173
1920 1147
1980 1292
2040 1120
2100 2243
2160 1215
2220 1369
2280 1375
2340 1254
2400 1438
2460 1455
2520 1479
2580 1563
2640 1587
2700 1577
2760 1618
2820 1708
2880 1643
2940 1662
3000 1728
3060 1811
3120 1802
3180 1583
3240 1722
3300 2707
3360 2755
3420 1699
3480 3038
3540 3176
3600 1791
3660 1889
3720 2039
3780 2028
3840 3200
3900 3156
3960 3159
4020 3287
4080 2028
4140 2313
4200 2297
4260 3525
4320 3111
4380 3482
4440 2309
4500 4000
4560 2124
4620 3695
4680 2135
4740 2488
4800 2258
4860 3616
4920 3693
4980 2126
5040 2455
5100 2417
5160 2207
5220 2289
5280 2283
5340 2238
5400 2288
5460 2547
5520 2324
5580 2327
5640 3939
5700 2715
5760 2464
5820 2333
5880 2398
5940 4243
6000 2371
6060 4236
6120 2676
6180 4463
6240 2712
6300 2545
6360 2418
6420 2728
6480 2605
6540 2562
6600 2700
6660 4489
6720 2899
6780 2585
6840 4591
6900 2514
6960 2849
7020 2606
7080 2724
7140 2635
7200 4726
7260 2632
7320 2826
7380 4662
7440 2879
7500 2693
7560 2816
7620 2701
7680 2870
7740 2713
7800 2997
7860 2733
7920 2860
7980 2730
8040 2909
8100 2680
8160 2980
8220 2731
8280 3024
8340 2745
8400 3001
8460 2929
8520 2961
8580 5086
8640 2996
8700 2821
8760 3053
8820 5155
8880 2959
8940 3054
9000 3317
9060 2981
9120 2858
9180 3196
9240 2888
9300 3125
9360 5148
9420 3150
9480 3004
9540 3134
9600 3037
9660 2987
9720 2855
9780 2846
9840 3082
9900 3102
9960 3225
10020 2886
10080 2965
10140 3130
10200 3037
10260 5461
10320 3128
10380 3029
10440 3252
10500 3221
10560 7057
10620 3223
10680 3116
10740 2932
10800 3134
10860 5489
