0 17
60 28
120 22
180 20
240 21
300 20
360 19
420 18
480 15
540 16
600 15
660 15
720 16
780 15
840 16
900 15
960 15
1020 16
1080 15
1140 15
1200 16
1260 16
1320 17
1380 17
1440 17
1500 17
1560 17
1620 17
1680 17
1740 19
1800 17
1860 17
1920 21
1980 20
2040 21
2100 22
2160 20
2220 21
2280 19
2340 22
2400 23
2460 20
2520 21
2580 23
2640 24
2700 24
2760 23
2820 24
2880 22
2940 26
3000 25
3060 22
3120 23
3180 24
3240 24
3300 25
3360 24
3420 27
3480 23
3540 27
3600 24
3660 25
3720 28
3780 27
3840 26
3900 26
3960 26
4020 28
4080 28
4140 29
4200 26
4260 26
4320 28
4380 27
4440 27
4500 32
4560 30
4620 27
4680 29
4740 27
4800 29
4860 29
4920 29
4980 33
5040 29
5100 32
5160 30
5220 32
5280 30
5340 31
5400 31
5460 31
5520 31
5580 31
5640 35
5700 32
5760 31
5820 32
5880 32
5940 38
6000 32
6060 32
6120 32
6180 37
6240 33
6300 33
6360 39
6420 34
6480 35
6540 34
6600 34
6660 35
6720 35
6780 34
6840 35
6900 39
6960 35
7020 36
7080 40
7140 35
7200 35
7260 36
7320 36
7380 36
7440 37
7500 36
7560 36
7620 37
7680 36
7740 37
7800 40
7860 37
7920 40
7980 41
8040 36
8100 37
8160 37
8220 37
8280 38
8340 38
8400 38
8460 37
8520 42
8580 38
8640 44
8700 40
8760 41
8820 38
8880 38
8940 38
9000 37
9060 41
9120 38
9180 40
9240 38
9300 37
9360 40
9420 41
9480 38
9540 44
9600 38
9660 42
9720 39
9780 39
9840 43
9900 38
9960 39
10020 40
10080 39
10140 39
10200 39
10260 43
10320 39
10380 39
10440 40
10500 44
10560 40
10620 38
10680 39
10740 40
10800 43
10860 49
