0 22
60 108
120 208
180 131
240 142
300 163
360 233
420 241
480 262
540 617
600 407
660 370
720 513
780 853
840 583
900 582
960 626
1020 1295
1080 746
1140 1342
1200 812
1260 879
1320 1537
1380 920
1440 1966
1500 1098
1560 1242
1620 1265
1680 1080
1740 1149
1800 1529
1860 2611
1920 1356
1980 1485
2040 1479
2100 1453
2160 1691
2220 1748
2280 3311
2340 1722
2400 1967
2460 3201
2520 3376
2580 1800
2640 3242
2700 3308
2760 1965
2820 3537
2880 2062
2940 2149
3000 2183
3060 3610
3120 2129
3180 3628
3240 2319
3300 2412
3360 3794
3420 4208
3480 2491
3540 4286
3600 2331
3660 4476
3720 2446
3780 2531
3840 2379
3900 4758
3960 2411
4020 2584
4080 4002
4140 2530
4200 2496
4260 2819
4320 3016
4380 2594
4440 2901
4500 2730
4560 5076
4620 2817
4680 2688
4740 2830
4800 2898
4860 4873
4920 2799
4980 3152
5040 4855
5100 3176
5160 5512
5220 3046
5280 5683
5340 3107
5400 3036
5460 5373
5520 3020
5580 3032
5640 5482
5700 3167
5760 3165
5820 3116
5880 3360
5940 3100
6000 3103
6060 3636
6120 6165
6180 3464
6240 3231
6300 3243
6360 5764
6420 3477
6480 3540
6540 5784
6600 3483
6660 3613
6720 6702
6780 3424
6840 3543
6900 3578
6960 5613
7020 3553
7080 3666
7140 3548
7200 5542
7260 3447
7320 3465
7380 3999
7440 3353
7500 3743
7560 3710
7620 3694
7680 3583
7740 3742
7800 3821
7860 3841
7920 6143
7980 3658
8040 3967
8100 3979
8160 6714
8220 4016
8280 3700
8340 4176
8400 3823
8460 4147
8520 4100
8580 3912
8640 6506
8700 3865
8760 4246
8820 3988
8880 7652
8940 3809
9000 4123
9060 3950
9120 3989
9180 7152
9240 3947
9300 4100
9360 3962
9420 4128
9480 6990
9540 4080
9600 3946
9660 4322
9720 3952
9780 6857
9840 3884
9900 4160
9960 4017
10020 4295
10080 3840
10140 4069
10200 4109
10260 4325
10320 4026
10380 6600
10440 3984
10500 4134
10560 4284
10620 4207
10680 6696
10740 3981
10800 3884
10860 6724
