 0
0 5
100 7
200 8
300 11
400 14
500 17
600 19
700 22
800 26
900 29
1000 33
1100 37
1200 40
1300 45
1400 49
1500 53
1600 57
1700 61
1800 65
1900 69
2000 72
2100 77
2200 83
2300 86
2400 91
2500 94
2600 105
2700 106
2800 109
2900 113
3000 117
3100 123
3200 126
3300 130
3400 134
3500 136
3600 143
3700 148
3800 153
3900 161
4000 165
4100 174
4200 175
4300 179
4400 185
4500 187
4600 193
4700 199
4800 201
4900 210
5000 212
5100 216
5200 217
5300 224
5400 227
5500 231
5600 242
5700 246
5800 248
5900 250
6000 254
6100 260
6200 262
6300 265
6400 275
6500 274
6600 279
6700 281
6800 285
6900 288
7000 300
7100 303
7200 300
7300 308
7400 308
7500 315
7600 315
7700 323
7800 321
7900 326
8000 333
8100 341
8200 345
8300 358
8400 350.5
8500 354
8600 362
8700 359
8800 364
8900 372.5
9000 379
9100 375
9200 379
9300 383
9400 398
9500 390
9600 390
9700 395
9800 397
9900 403
10000 404
10100 420
10200 410
10300 427
10400 417
10500 418
10600 430
10700 439
