 0
0 5
100 4
200 5
300 5
400 6
500 7
600 8
700 8
800 11
900 11
1000 12
1100 13
1200 14
1300 15
1400 16
1500 17
1600 19
1700 19
1800 20
1900 21
2000 22
2100 23
2200 24
2300 25
2400 25
2500 26
2600 27
2700 27
2800 29
2900 29
3000 29
3100 31
3200 31
3300 32
3400 32
3500 32
3600 33
3700 34
3800 35
3900 36
4000 36
4100 37
4200 37
4300 38
4400 38
4500 39
4600 40
4700 40
4800 41
4900 41
5000 42
5100 43
5200 44
5300 45
5400 46
5500 45
5600 45
5700 46
5800 46
5900 47
6000 47
6100 47
6200 48
6300 49
6400 49
6500 50
6600 51
6700 51
6800 51
6900 51
7000 52
7100 52
7200 52
7300 52
7400 53
7500 54
7600 53
7700 53
7800 54
7900 54
8000 55
8100 55
8200 55
8300 56
8400 55
8500 55
8600 56
8700 57
8800 57
8900 57
9000 57
9100 57
9200 57
9300 57
9400 57
9500 57
9600 57
9700 58
9800 58
9900 58
10000 58.5
10100 58
10200 58
10300 58
10400 59
10500 59
10600 60
10700 60
