0 14
30 12
60 15
90 19
120 14
150 7
180 15
210 7.5
240 7.5
270 7.5
300 24
330 20
360 22
390 11
420 31
450 27
480 33
510 35
540 38
570 19
600 36
630 40
660 42
690 21
720 46
750 23
780 47
810 53.5
840 52.5
870 58
900 53.5
930 60
960 55
990 61
1020 60
1050 70.5
1080 66
1110 67.5
1140 90.5
1170 71.5
1200 76.5
1230 72.5
1260 74.5
1290 81
1320 80.5
1350 81.5
1380 85
1410 84.5
1440 88.5
1470 92.5
1500 91.5
1530 96.5
1560 95
1590 97.5
1620 104
1650 100
1680 102.5
1710 103.5
1740 104.5
1770 103.5
1800 135.5
1830 112
1860 114
1890 119
1920 111.5
1950 122
1980 125
2010 122
2040 164.5
2070 127
2100 123
2130 171
2160 132.5
2190 130
2220 138.5
2250 134
2280 166.5
2310 138.5
2340 134
2370 152
2400 140
2430 159.5
2460 146
2490 159.5
2520 150
2550 203
2580 155
2610 206.5
2640 157
2670 203.5
2700 164.5
2730 173
2760 163.5
2790 175
2820 171
2850 183
2880 164
2910 176
2940 163
2970 176
3000 230.5
3030 180
3060 194
3090 174
3120 191
3150 177
3180 185.5
3210 207
3240 182
3270 203
3300 236
3330 192
3360 206
3390 192
3420 203
3450 210
3480 192
3510 208
3540 252
3570 198
3600 226
3630 281
3660 200.5
3690 217
3720 277
3750 208
3780 226
3810 265
3840 218
3870 232
3900 280.5
3930 224
3960 233
3990 248
4020 225.5
4050 248
4080 240.5
4110 217
4140 235
4170 241.5
4200 226.5
4230 248
4260 257
4290 225
4320 248.5
4350 248
4380 229.5
4410 240
4440 254.5
4470 235
4500 241
4530 268.5
4560 226
4590 247
4620 261.5
4650 239
4680 248
4710 278.5
4740 237.5
4770 265.5
4800 279.5
4830 244
4860 261.5
4890 271
4920 251.5
4950 271
4980 327.5
5010 257
5040 276
5070 248
5100 278
5130 283.5
5160 258.5
5190 276.5
5220 341
5250 275.5
5280 284.5
5310 269.5
5340 290
5370 290
5400 282
5430 291
5460 257.5
5490 292.5
5520 298.5
5550 288
5580 293
5610 264.5
5640 296.5
5670 313
5700 282
5730 301.5
5760 279
5790 290.5
5820 310
5850 301
5880 309.5
5910 291
5940 301.5
5970 365
6000 290
6030 330.5
6060 298
6090 310
6120 282
6150 303.5
6180 321
6210 301
6240 333.5
6270 292.5
6300 315
6330 288.5
6360 308
6390 330
6420 306.5
6450 329.5
6480 296
6510 323.5
6540 291
6570 328.5
6600 335
6630 311.5
6660 333.5
6690 305
6720 326
6750 308
6780 321
6810 404.5
6840 330
6870 340
6900 332
6930 353
6960 308.5
6990 335
7020 318
7050 325
7080 405
7110 330.5
7140 359.5
7170 318
7200 353.5
7230 326.5
7260 335
7290 323
7320 349
7350 403
7380 329
7410 883
7440 328
7470 355
7500 331.5
7530 371
7560 330
7590 353
7620 321.5
7650 349
7680 317
7710 356
7740 317.5
7770 342.5
7800 313
7830 355
7860 327
7890 338.5
7920 405.5
7950 353
7980 437.5
8010 337.5
8040 435.5
8070 358
8100 366
8130 335.5
8160 366.5
8190 348
8220 362.5
8250 331.5
8280 376
8310 330.5
8340 375
8370 328.5
8400 356.5
8430 324
8460 354
8490 325.5
8520 350.5
8550 322.5
8580 349
8610 424.5
8640 346
8670 433
8700 366
8730 449.5
8760 346.5
8790 844
8820 350
8850 395
8880 344
8910 391.5
8940 344.5
8970 375.5
9000 344
9030 393
9060 343
9090 388
9120 362.5
9150 374
9180 344
9210 372.5
9240 340
9270 373.5
9300 344
9330 380
9360 355.5
9390 387.5
9420 340
9450 369
9480 355
9510 396
9540 342
9570 383
9600 352
9630 364
9660 337
9690 369
9720 351
9750 364
9780 337.5
9810 364
9840 350
9870 364
9900 339
9930 383
9960 338
9990 378
10020 336.5
10050 383.5
10080 435.5
10110 387.5
10140 443.5
10170 381.5
10200 452.5
10230 370.5
10260 891
10290 373
10320 444
10350 388.5
10380 468
10410 370
10440 450.5
10470 371
10500 450
10530 369
10560 464.5
10590 394
10620 913.5
10650 373.5
10680 442.5
10710 374
10740 445.5
10770 368
