 0
0 5
100 6
200 7
300 8
400 11
500 12
600 14
700 16
800 18
900 20
1000 23
1100 24
1200 28
1300 30
1400 33
1500 34
1600 37
1700 39
1800 41
1900 42
2000 45
2100 48
2200 50
2300 54
2400 55
2500 58
2600 58
2700 62
2800 64
2900 66
3000 67
3100 70
3200 71
3300 73
3400 75
3500 76
3600 79
3700 82
3800 84
3900 87
4000 90
4100 95
4200 96
4300 94
4400 109.5
4500 105
4600 105
4700 108
4800 109
4900 111
5000 114
5100 116
5200 117
5300 119
5400 121
5500 123
5600 124
5700 128
5800 129
5900 132
6000 134
6100 135
6200 138
6300 139
6400 139
6500 144
6600 143
6700 147
6800 148
6900 149
7000 149
7100 152
7200 152
7300 154
7400 158
7500 160
7600 160
7700 160
7800 161
7900 164
8000 165
8100 177
8200 182
8300 179
8400 180
8500 182
8600 186
8700 184
8800 185
8900 188
9000 191
9100 189
9200 192
9300 193
9400 196
9500 198
9600 201
9700 197
9800 201
9900 204
10000 205
10100 206
10200 204.5
10300 203
10400 205
10500 209
10600 208
10700 211
