 0
0 4
100 3
200 3
300 4
400 4
500 5.5
600 6
700 7
800 8
900 8
1000 8
1100 11
1200 11
1300 12
1400 12
1500 13
1600 14
1700 14
1800 15
1900 16
2000 16
2100 17
2200 18
2300 18
2400 19
2500 20
2600 20
2700 20
2800 21
2900 22
3000 22
3100 23
3200 23
3300 24
3400 24
3500 24
3600 25
3700 25
3800 26
3900 27
4000 27
4100 27
4200 28
4300 28
4400 29
4500 29
4600 29
4700 30
4800 30
4900 31
5000 31
5100 31
5200 32
5300 32
5400 33
5500 33
5600 33
5700 34
5800 34
5900 34
6000 35
6100 35
6200 36
6300 36
6400 36
6500 36
6600 37
6700 37
6800 37
6900 37
7000 38
7100 37
7200 38
7300 39
7400 39
7500 39
7600 39
7700 39
7800 40
7900 40
8000 40
8100 40
8200 40
8300 40
8400 40
8500 40
8600 41
8700 41
8800 41
8900 41
9000 41
9100 42
9200 42
9300 42
9400 42
9500 42
9600 42
9700 42
9800 42
9900 42
10000 42
10100 43
10200 43
10300 43
10400 43
10500 43
10600 43
10700 43
